name: Platz
channels:
  - conda-forge
  - defaults
dependencies:
  - anyio=3.6.2=pyhd8ed1ab_0
  - brotlipy=0.7.0=py311ha68e1ae_1005
  - bzip2=1.0.8=h8ffe710_4
  - ca-certificates=2022.12.7=h5b45459_0
  - certifi=2022.12.7=pyhd8ed1ab_0
  - cffi=1.15.1=py311h7d9ee11_3
  - charset-normalizer=2.1.1=pyhd8ed1ab_0
  - click=8.1.3=win_pyhd8ed1ab_2
  - colorama=0.4.6=pyhd8ed1ab_0
  - cryptography=39.0.2=py311h28e9c30_0
  - fastapi=0.95.0=pyhd8ed1ab_0
  - h11=0.14.0=pyhd8ed1ab_0
  - idna=3.4=pyhd8ed1ab_0
  - libffi=3.4.2=h8ffe710_5
  - libsqlite=3.40.0=hcfcfb64_0
  - libzlib=1.2.13=hcfcfb64_4
  - openssl=3.1.0=hcfcfb64_0
  - pip=23.0.1=pyhd8ed1ab_0
  - pycparser=2.21=pyhd8ed1ab_0
  - pydantic=1.10.6=py311ha68e1ae_0
  - pyopenssl=23.0.0=pyhd8ed1ab_0
  - pysocks=1.7.1=pyh0701188_6
  - python=3.11.0=hcf16a7b_0_cpython
  - python-dotenv=1.0.0=pyhd8ed1ab_0
  - python_abi=3.11=3_cp311
  - requests=2.28.2=pyhd8ed1ab_0
  - setuptools=67.6.0=pyhd8ed1ab_0
  - sniffio=1.3.0=pyhd8ed1ab_0
  - starlette=0.26.1=pyhd8ed1ab_0
  - tk=8.6.12=h8ffe710_0
  - typing-extensions=4.5.0=hd8ed1ab_0
  - typing_extensions=4.5.0=pyha770c72_0
  - tzdata=2022g=h191b570_0
  - ucrt=10.0.22621.0=h57928b3_0
  - urllib3=1.26.15=pyhd8ed1ab_0
  - uvicorn=0.21.1=py311h1ea47a8_0
  - vc=14.3=hb6edc58_10
  - vs2015_runtime=14.34.31931=h4c5c07a_10
  - wheel=0.40.0=pyhd8ed1ab_0
  - win_inet_pton=1.1.0=pyhd8ed1ab_6
  - xz=5.2.6=h8d14728_0
